1.7e-05		10
2.4e-05		20
2.1e-05		30
1.7e-05		40
2.5e-05		50
2.4e-05		60
3.3e-05		70
3.2e-05		80
4.8e-05		90
4.4e-05		100
4.3e-05		110
4.6e-05		120
5.4e-05		130
5.4e-05		140
6.2e-05		150
6.1e-05		160
6.5e-05		170
7.3e-05		180
7.3e-05		190
8.1e-05		200
8.1e-05		210
8.4e-05		220
0.000112	230
0.000111	240
0.000101	250
0.0001		260
0.000122	270
0.000182	280
0.000162	290
0.000169	300
0.000171	310
0.000173	320
0.00019		330
0.000194	340
0.000205	350
0.000224	360
0.000207	370
0.00023		380
0.000278	390
0.000248	400
0.000262	410
0.000262	420
0.000281	430
0.000295	440
0.000282	450
0.000299	460
0.000293	470
0.000307	480
0.000306	490
0.000312	500
0.000321	510
0.00026		520
0.000269	530
0.000271	540
0.000282	550
0.000252	560
0.000196	570
0.000198	580
0.00021		590
0.000204	600
0.000291	610
0.000275	620
0.000217	630
0.000194	640
7.1e-05		650
0.000227	660
0.000338	670
0.000331	680
0.000356	690
0.000342	700
0.000351	710
0.000394	720
0.00032		730
0.000367	740
0.000369	750
0.000369	760
0.000328	770
0.000331	780
0.000157	790
8.3e-05		800
8.4e-05		810
9.2e-05		820
8.9e-05		830
0.000101	840
0.000106	850
9.9e-05		860
9.9e-05		870
9.8e-05		880
0.000105	890
0.000104	900
9.7e-05		910
9.9e-05		920
9.9e-05		930
0.000102	940
0.000102	950
0.000103	960
0.000105	970
0.000105	980
0.000107	990
